-108 85.704124 -101.05217
-108 4.7082429 -132.18971
-108 11.736471 -131.75021
-108 23.124123 -130.22177
-108 23.274719 -130.19522
-108 19.919748 -130.78679
-108 74.134789 -109.56245
-108 73.648781 -109.87335
-108 75.17392 -108.84177
-108 -132.27492 -2.3111885
-108 -132.28989 -1.3896295
-108 -132.19826 -4.5130515
-108 -131.80579 -11.163278
-108 -131.41556 -15.170841
-108 -130.57846 -21.122475
-108 -130.78519 -19.795599
-108 -129.46812 -27.039558
-108 -130.07668 -24.029305
-108 -129.51924 -26.786655
-108 -127.43122 -35.556442
-108 -126.11726 -39.845482
-108 -127.0015 -36.978817
-108 -126.94784 -37.152779
-108 -123.16777 -48.227768
-108 -123.80463 -46.498093
-108 -124.5462 -44.484009
-108 -121.16479 -53.098881
-108 -121.68318 -51.908859
-108 -119.56267 -56.551182
-108 -119.72798 -56.207897
-108 -112.14265 -70.160294
-108 -110.61131 -72.5476
-108 -106.62148 -78.282692
-108 -102.78319 -83.266052
-108 -100.83927 -85.582726
-108 -94.933525 -92.134949
-108 -97.55191 -89.312996
-108 -98.40345 -88.395264
-108 -99.102036 -87.642365
-108 -86.112427 -100.40196
-108 -88.660057 -98.153671
-108 -80.043442 -105.33294
-108 -80.429131 -105.02537
-108 -76.001694 -108.25134
-108 -69.260094 -112.68086
-108 -73.011215 -110.28121
-108 -59.754532 -117.99253
-108 -58.04137 -118.87081
-108 -44.569065 -124.54987
-108 -41.262665 -125.66076
-108 -42.807735 -125.14165
-108 -35.879787 -127.32349
-108 -28.596819 -129.13457
-108 -27.947296 -129.28241
-108 -28.124262 -129.24213
-108 -25.796881 -129.7505
-108 -13.541229 -131.60207
-108 -9.1585798 -131.94341
-108 -12.705049 -131.67764
-108 -5.0644107 -132.17949
-108 145.09833 -82.716476
-108 138.30368 -82.835075
-108 136.12172 -82.873161
-108 154.99518 -82.543724
-108 131.61609 -82.951805
-108 127.70561 -83.020065
-108 157.5 -78.845322
-108 157.5 -4.5981293
-108 157.5 -9.1324158
-108 157.5 -2.7479477
-108 157.5 -13.767799
-108 157.5 -71.048019
-108 157.5 -12.948242
-108 157.5 -33.80262
-108 157.5 -0.84204865
-108 157.5 -0.85486603
-108 157.5 -41.414276
-108 -115.49294 -66
-108 -121.54491 -66
-108 -137.42903 -66.791122
-108 -115.27679 -68
-108 -130.34128 -68
-108 -116.87138 -68
-108 -116.15942 -68
-108 -132.08098 -68
-108 -118.67941 -68
-108 -133.33147 -68
-108 -125.19017 -68
-108 -132.65242 -1
-108 -139.41867 -1
-108 -138.12895 -1
-108 -147.58826 -1
-108 68 -117.01943
-108 68 -126.2891
-108 68 -123.41571
-108 68 -131.91847
-108 17.75 -140.55186
-108 17.75 -151.42068
-108 17.75 -143.80586
-108 17.75 -148.68184
-108 17.75 -147.3029
-108 34.5 -129.18088
-108 34.5 -137.84045
-108 51.25 -125.52537
-108 51.25 -127.53313
-108 51.25 -126.0874
-108 51.25 -129.53128
-108 51.25 -142.32199
-108 51.25 -124.1053
-108 -1 -139.10522
-108 -1 -138.91335
-108 -1 -135.67673
-108 -1 -147.81503
-108 66 -124.19161
-108 66 -124.93716
-108 66 -124.65475
-108 66 -136.52751
-108 15.75 -149.00868
-108 15.75 -140.22813
-108 15.75 -149.42613
-108 15.75 -133.31659
-108 32.5 -130.23756
-108 32.5 -143.83138
-108 32.5 -134.25826
-108 32.5 -128.28102
-108 32.5 -144.69891
-108 32.5 -138.69826
-108 49.25 -125.206
-108 49.25 -143.33937
-108 49.25 -139.83934
-108 49.25 -139.44679
-108 49.25 -131.83406
-108 -0.5603351 -152.79881
-108 -66 -117.4509
-108 -66 -125.67268
-108 -66 -135.76564
-108 -66 -116.11923
-108 -66.960785 -137.34651
-108 -66.492874 -137.57364
-108 -51.25 -129.67569
-108 -51.25 -131.96025
-108 -51.25 -137.71936
-108 -51.25 -138.8848
-108 -49.25 -134.1355
-108 -49.25 -131.2932
-108 -49.25 -142.12585
-108 -137.56688 -15.75
-108 -136.3804 -15.75
-108 -149.68617 -15.75
-108 -138.26042 -15.75
-108 -141.37161 -17.75
-108 -137.36058 -17.75
-108 -147.99457 -17.75
-108 -146.56816 -17.75
-108 -132.77113 -17.75
-108 -34.5 -142.89671
-108 -34.5 -143.35367
-108 -34.5 -145.82669
-108 -32.5 -140.06535
-108 -32.5 -134.25766
-108 -32.5 -137.79872
-108 -140.87405 -32.5
-108 -136.25995 -32.5
-108 -131.30795 -32.5
-108 -145.33168 -32.5
-108 -144.83722 -34.5
-108 -129.92436 -34.5
-108 -128.80859 -34.5
-108 -128.24352 -34.5
-108 -17.75 -139.50473
-108 -17.75 -134.91586
-108 -17.75 -143.46472
-108 -17.75 -150.02084
-108 -17.75 -140.65247
-108 -15.75 -133.45151
-108 -15.75 -137.72762
-108 -15.982567 -151.9453
-108 -131.31137 -49.25
-108 -140.97375 -49.25
-108 -139.89038 -49.25
-108 -129.90359 -49.25
-108 -140.53813 -51.25
-108 -132.34615 -51.25
-108 -125.12435 -51.25
-108 -125.79743 -51.25
-108 -124.0386 -51.25
-108 -129.56865 -51.25
-108 -136.16374 -51.25
-108 159.21266 -82.5
-108 166.86156 -79.991577
-108 167.4709 -79.8283
-108 166.03143 -80.214012
-108 163.18854 -80.975754
-108 178.02895 -76.999283
-108 186.0831 -74.841187
-108 189.15604 -74.017792
-108 181.15535 -76.161568
-108 182.86354 -75.703857
-108 169.75412 -79.216515
-108 197 -33.039318
-108 197 -39.029587
-108 197 -2.0774117
-108 197 -18.029705
-108 197 -25.115665
-108 197 -32.830811
-108 197 -14.955391
-108 197 -31.763058
-108 197 -63.521149
-108 197 -71.787529
